 0:    0    0    0    1    1    1 : 180, ok, mir
 1:    0    0    0    1    1   -1 : mir, ok, ok
 2:    0    0    0    1   -1    1 : 
 3:    0    0    0    1   -1   -1 :
 4:    0    0    0   -1    1    1 :
 5:    0    0    0   -1    1   -1 :
 6:    0    0    0   -1   -1    1 :
 7:    0    0    0   -1   -1   -1 :
 8:    0    0  180    1    1    1 :
 9:    0    0  180    1    1   -1 :
10:    0    0  180    1   -1    1 :
11:    0    0  180    1   -1   -1 :
12:    0    0  180   -1    1    1 :
13:    0    0  180   -1    1   -1 :
14:    0    0  180   -1   -1    1 :
15:    0    0  180   -1   -1   -1 :
16:    0  180    0    1    1    1 :
17:    0  180    0    1    1   -1 :
18:    0  180    0    1   -1    1 :
19:    0  180    0    1   -1   -1 :
20:    0  180    0   -1    1    1 :
21:    0  180    0   -1    1   -1 :
22:    0  180    0   -1   -1    1 :
23:    0  180    0   -1   -1   -1 :
24:    0  180  180    1    1    1 :
25:    0  180  180    1    1   -1 :
26:    0  180  180    1   -1    1 :
27:    0  180  180    1   -1   -1 :
28:    0  180  180   -1    1    1 :
29:    0  180  180   -1    1   -1 :
30:    0  180  180   -1   -1    1 :
31:    0  180  180   -1   -1   -1 :
32:  180    0    0    1    1    1 :
33:  180    0    0    1    1   -1 :
34:  180    0    0    1   -1    1 :
35:  180    0    0    1   -1   -1 :
36:  180    0    0   -1    1    1 :
37:  180    0    0   -1    1   -1 :
38:  180    0    0   -1   -1    1 :
39:  180    0    0   -1   -1   -1 :
40:  180    0  180    1    1    1 :
41:  180    0  180    1    1   -1 :
42:  180    0  180    1   -1    1 :
43:  180    0  180    1   -1   -1 :
44:  180    0  180   -1    1    1 :
45:  180    0  180   -1    1   -1 :
46:  180    0  180   -1   -1    1 :
47:  180    0  180   -1   -1   -1 :
48:  180  180    0    1    1    1 :
49:  180  180    0    1    1   -1 :
50:  180  180    0    1   -1    1 :
51:  180  180    0    1   -1   -1 :
52:  180  180    0   -1    1    1 :
53:  180  180    0   -1    1   -1 :
54:  180  180    0   -1   -1    1 :
55:  180  180    0   -1   -1   -1 :
56:  180  180  180    1    1    1 :
57:  180  180  180    1    1   -1 :
58:  180  180  180    1   -1    1 :
59:  180  180  180    1   -1   -1 :
60:  180  180  180   -1    1    1 :
61:  180  180  180   -1    1   -1 :
62:  180  180  180   -1   -1    1 :
63:  180  180  180   -1   -1   -1 :
